Code,Label,Population 0 to 15 years,Population aged 16 to 24 years,Population aged 25 to 64 years,Population aged 65 years and over
E02000001,City of London 001,15.1,9,56.6,19.4
E02000002,Barking and Dagenham 001,27.4,10.6,48.3,13.7
E02000003,Barking and Dagenham 002,23.5,10.2,54.1,12.2
E02000004,Barking and Dagenham 003,20,13.3,50.4,16.3
E02000005,Barking and Dagenham 004,27,11.2,52.2,9.6
E02000007,Barking and Dagenham 006,28.2,11.5,49.4,10.8
E02000008,Barking and Dagenham 007,26.2,11.3,51.8,10.7
E02000009,Barking and Dagenham 008,28.7,11.1,52.8,7.4
E02000010,Barking and Dagenham 009,27,11,52.4,9.6
E02000011,Barking and Dagenham 010,23.9,11.5,51.8,12.8
E02000012,Barking and Dagenham 011,24.4,13.2,51.8,10.6
E02000013,Barking and Dagenham 012,28.1,11.3,50.7,9.9
E02000014,Barking and Dagenham 013,26.9,10.7,51.9,10.4
E02000015,Barking and Dagenham 014,26.7,12.1,51.6,9.6
E02000016,Barking and Dagenham 015,29.8,10,57,3.2
E02000017,Barking and Dagenham 016,23.3,11,57.5,8.2
E02000018,Barking and Dagenham 017,28.3,12.2,50.9,8.6
E02000019,Barking and Dagenham 018,27.5,11.7,51.4,9.5
E02000020,Barking and Dagenham 019,29,11,52.2,7.8
E02000021,Barking and Dagenham 020,28.2,11.7,50.3,9.8
E02000022,Barking and Dagenham 021,33.9,10.3,51.9,3.9
E02000023,Barking and Dagenham 022,33.7,11.2,50.2,4.9
E02000024,Barnet 001,18.4,8.8,53.4,19.4
E02000025,Barnet 002,19.6,7.5,56.5,16.4
E02000026,Barnet 003,21,8.3,52.4,18.3
E02000027,Barnet 004,22.1,10.7,51.5,15.6
E02000028,Barnet 005,20.1,8.3,55.4,16.2
E02000029,Barnet 006,23.4,8.9,54.6,13
E02000030,Barnet 007,19,9.5,49.5,22
E02000031,Barnet 008,18.5,7.8,52.8,20.8
E02000032,Barnet 009,20.6,9.4,51.8,18.2
E02000033,Barnet 010,19.8,9.4,56,14.8
E02000034,Barnet 011,20.4,8.5,54.8,16.3
E02000035,Barnet 012,18.8,7.8,56.5,16.9
E02000036,Barnet 013,23.7,9.8,52.4,14
E02000037,Barnet 014,25.5,9.4,48.1,17
E02000038,Barnet 015,20,9.4,57.2,13.4
E02000039,Barnet 016,21.3,10.2,53,15.5
E02000040,Barnet 017,22.4,9.4,52.2,16
E02000041,Barnet 018,23.5,9.9,52.1,14.6
E02000042,Barnet 019,19.9,9,57.7,13.4
E02000043,Barnet 020,23.8,8.2,52.3,15.6
E02000044,Barnet 021,23.8,10.6,55.6,10
E02000045,Barnet 022,21.4,10,57.9,10.7
E02000046,Barnet 023,17.8,8.4,61.7,12.1
E02000047,Barnet 024,23.5,10.6,55,10.9
E02000048,Barnet 025,21.6,8.7,53.6,16.2
E02000049,Barnet 026,27.3,12,53.1,7.6
E02000050,Barnet 027,20.9,9.5,56.3,13.3
E02000051,Barnet 028,18.8,9.6,52.9,18.7
E02000052,Barnet 029,18.9,8,60.3,12.8
E02000053,Barnet 030,21.6,12.5,58.9,6.9
E02000054,Barnet 031,18,11.1,59,11.9
E02000055,Barnet 032,18.8,13.2,55.3,12.7
E02000056,Barnet 033,22.6,8,50.6,18.8
E02000057,Barnet 034,26.2,10.8,51.7,11.3
E02000058,Barnet 035,21.4,9.6,52,17
E02000059,Barnet 036,20.2,9.7,59.2,11
E02000060,Barnet 037,28.9,10.7,47.8,12.6
E02000061,Barnet 038,17.9,9.6,57.8,14.8
E02000062,Barnet 039,21.3,12.7,57,9.1
E02000063,Barnet 040,20.4,10.8,57.5,11.3
E02000064,Barnet 041,19.1,12.2,56.7,12
E02000065,Bexley 001,28.9,11.4,52,7.7
E02000066,Bexley 002,25,11,53.4,10.6
E02000067,Bexley 003,24.1,10.6,55,10.3
E02000068,Bexley 004,25.5,11.1,53.8,9.5
E02000069,Bexley 005,21,10.3,51.6,17.1
E02000070,Bexley 006,17.9,10,52.8,19.3
E02000071,Bexley 007,21,11.2,53.6,14.2
E02000072,Bexley 008,27.4,11.8,52.2,8.6
E02000073,Bexley 009,18.9,10.6,51.5,19
E02000074,Bexley 010,22.3,10.1,53.4,14.1
E02000075,Bexley 011,17,9,50.9,23.1
E02000077,Bexley 013,19.4,10.8,53.1,16.7
E02000078,Bexley 014,19.2,9.5,52.6,18.7
E02000079,Bexley 015,18.8,8.8,53.4,19
E02000080,Bexley 016,19.3,10.3,53.7,16.7
E02000081,Bexley 017,19,9,51.4,20.6
E02000082,Bexley 018,19.1,10.9,53.6,16.5
E02000083,Bexley 019,22.1,9.9,54.7,13.4
E02000084,Bexley 020,18.4,9.3,53.1,19.2
E02000085,Bexley 021,20,10.7,52.4,17
E02000086,Bexley 022,18.2,10.7,52.6,18.6
E02000087,Bexley 023,17.5,9.2,51.7,21.6
E02000088,Bexley 024,17.7,10.8,51.9,19.6
E02000089,Bexley 025,19.1,10.4,50.3,20.1
E02000090,Bexley 026,16.6,12.4,50.9,20.1
E02000091,Bexley 027,16.7,11,49.6,22.7
E02000092,Bexley 028,22.5,10.7,51.2,15.6
E02000093,Brent 001,21.6,9.7,54.5,14.1
E02000094,Brent 002,22,11.7,53.2,13.1
E02000095,Brent 003,20.5,9.9,53.4,16.1
E02000096,Brent 004,18.8,8.7,50.9,21.6
E02000097,Brent 005,21.4,11.1,53.6,13.9
E02000098,Brent 006,22.1,10.8,52.5,14.6
E02000099,Brent 007,22.8,10.9,54.7,11.6
E02000100,Brent 008,15.3,18.3,50.5,15.9
E02000101,Brent 009,23.2,10,53.1,13.7
E02000102,Brent 010,25.2,12.2,51.5,11.1
E02000103,Brent 011,23.9,11.7,51.9,12.5
E02000104,Brent 012,19.7,9.6,54.2,16.4
E02000105,Brent 013,22.1,9.8,56.8,11.3
E02000106,Brent 014,22.9,11.1,55.4,10.5
E02000107,Brent 015,17.7,11.4,60.8,10.1
E02000108,Brent 016,22.6,10,54.5,12.9
E02000109,Brent 017,19.3,15.9,54.5,10.4
E02000110,Brent 018,17.8,11.4,58.8,12.1
E02000111,Brent 019,22.2,9.2,57.2,11.4
E02000112,Brent 020,18.9,9.9,60.1,11.2
E02000113,Brent 021,27.8,13.6,48.6,10
E02000114,Brent 022,16.7,13.3,60.7,9.3
E02000115,Brent 023,14.9,9.9,63.7,11.5
E02000116,Brent 024,21.9,12,58.6,7.6
E02000117,Brent 025,25.7,12,52.3,10.1
E02000118,Brent 026,21.6,10.9,57.4,10.2
E02000119,Brent 027,27.9,12.8,49.5,9.8
E02000120,Brent 028,16.6,8.4,64.6,10.4
E02000121,Brent 029,22,10.4,56.6,11.1
E02000122,Brent 030,19.5,9.9,56.1,14.5
E02000123,Brent 031,23.1,11.1,58,7.8
E02000124,Brent 032,19.6,8.6,61.9,9.9
E02000125,Brent 033,19.2,8.6,60.6,11.7
E02000126,Brent 034,25,10.7,54.4,9.9
E02000127,Bromley 001,24.1,9.4,53.2,13.3
E02000128,Bromley 002,21.1,8.7,52.9,17.4
E02000130,Bromley 004,20.5,8.4,58.4,12.7
E02000131,Bromley 005,18,7.5,67.6,6.9
E02000132,Bromley 006,17,6.2,62.2,14.6
E02000133,Bromley 007,19.1,7.1,53.1,20.7
E02000134,Bromley 008,20.2,7.1,59.7,12.9
E02000135,Bromley 009,21,11.3,58.5,9.2
E02000136,Bromley 010,19.6,10,48.3,22.2
E02000137,Bromley 011,17.6,6.9,55.9,19.7
E02000138,Bromley 012,14.1,5.6,56.8,23.4
E02000139,Bromley 013,20.6,6.5,61.4,11.6
E02000140,Bromley 014,25.9,12,49.7,12.3
E02000141,Bromley 015,19.5,8.3,60.8,11.4
E02000142,Bromley 016,21.2,8.2,53.3,17.4
E02000144,Bromley 018,19.3,7.8,58.5,14.4
E02000145,Bromley 019,26.7,10.5,50.4,12.5
E02000146,Bromley 020,20.4,7.5,56.8,15.3
E02000147,Bromley 021,20.2,9.3,49.8,20.7
E02000148,Bromley 022,19.9,8.5,49.8,21.8
E02000149,Bromley 023,21.3,9.6,53.6,15.4
E02000150,Bromley 024,20.4,10.6,52.8,16.2
E02000151,Bromley 025,20.1,7.4,50.4,22.1
E02000152,Bromley 026,24.4,10.1,51.8,13.6
E02000153,Bromley 027,21.1,9.8,49.6,19.5
E02000154,Bromley 028,19.3,8.5,52.7,19.5
E02000155,Bromley 029,16.2,8.7,49.9,25.2
E02000156,Bromley 030,19,9.6,48.8,22.7
E02000157,Bromley 031,19.6,8.9,47.8,23.6
E02000158,Bromley 032,23.1,8.4,47.9,20.7
E02000159,Bromley 033,18,9.7,48.7,23.6
E02000160,Bromley 034,19.5,10.5,49.7,20.2
E02000161,Bromley 035,21.4,7.5,52.1,19
E02000162,Bromley 036,18.9,8.8,47,25.3
E02000163,Bromley 037,19.4,7.5,50.4,22.7
E02000165,Bromley 039,19.9,10.1,53.4,16.7
E02000166,Camden 001,19.1,7.8,54.4,18.7
E02000167,Camden 002,19.8,5.6,55.7,18.9
E02000168,Camden 003,17.3,7.9,61.5,13.2
E02000169,Camden 004,23.2,10.7,50.5,15.6
E02000170,Camden 005,18.4,8.2,62,11.4
E02000171,Camden 006,18.3,7.8,60.2,13.7
E02000172,Camden 007,21.1,12.4,55.6,11
E02000173,Camden 008,19.1,6.8,61.5,12.6
E02000174,Camden 009,17,13.8,58.8,10.4
E02000175,Camden 010,13.4,9.2,67.7,9.7
E02000176,Camden 011,16.9,5,64.3,13.9
E02000177,Camden 012,19,12,55.9,13
E02000178,Camden 013,16.8,9,64.3,9.8
E02000179,Camden 014,21.7,7.3,57.6,13.4
E02000180,Camden 015,15.9,19.4,55.5,9.2
E02000181,Camden 016,18,6.9,64.9,10.2
E02000182,Camden 017,20,9.1,57.5,13.4
E02000183,Camden 018,17.4,7.2,59.8,15.6
E02000184,Camden 019,16,19.6,56.2,8.2
E02000185,Camden 020,20.2,8.8,57.6,13.5
E02000186,Camden 021,13.3,15.3,61.1,10.3
E02000187,Camden 022,22.1,17.9,50.6,9.4
E02000188,Camden 023,20,24.3,46.7,9
E02000189,Camden 024,17.6,21.5,52.3,8.6
E02000190,Camden 025,12.8,24.3,51.6,11.3
E02000191,Camden 026,8,36.5,47.9,7.6
E02000192,Camden 027,15.6,11.8,61.9,10.7
E02000193,Camden 028,8.8,17.6,62.2,11.4
E02000194,Croydon 001,19.4,7.8,61.9,10.9
E02000195,Croydon 002,19.9,9.5,55.9,14.8
E02000196,Croydon 003,20.3,10.6,54.9,14.1
E02000197,Croydon 004,22.8,9.2,55,12.9
E02000198,Croydon 005,25.9,10.8,54.2,9.1
E02000199,Croydon 006,22.9,11.2,55.7,10.2
E02000200,Croydon 007,21.2,8.7,58.9,11.2
E02000201,Croydon 008,26.5,9.6,56,7.9
E02000202,Croydon 009,22.1,9.8,54.8,13.3
E02000203,Croydon 010,23.6,10.2,55,11.2
E02000204,Croydon 011,23,11.3,53.5,12.1
E02000206,Croydon 013,25.1,9.4,55.3,10.2
E02000207,Croydon 014,22.9,11.4,56.7,9
E02000208,Croydon 015,27.5,11.3,53.7,7.5
E02000209,Croydon 016,26.1,11,54.4,8.5
E02000210,Croydon 017,22.6,9.6,58.2,9.6
E02000211,Croydon 018,17,9.2,52,21.8
E02000212,Croydon 019,27.3,11,54.3,7.4
E02000213,Croydon 020,25.6,10.5,57.1,6.8
E02000214,Croydon 021,18.7,9.8,54,17.4
E02000215,Croydon 022,19.4,8.7,61,10.9
E02000216,Croydon 023,19.7,6.4,53.5,20.3
E02000217,Croydon 024,24.1,9.6,59.4,6.9
E02000218,Croydon 025,24.9,11.9,49,14.2
E02000219,Croydon 026,15.1,9.6,49.4,26
E02000220,Croydon 027,19.5,8.4,63.3,8.8
E02000221,Croydon 028,24.9,11.6,52.4,11
E02000222,Croydon 029,20,7.6,60,12.5
E02000223,Croydon 030,32.9,12.7,44.9,9.4
E02000224,Croydon 031,21.9,7.5,59.1,11.5
E02000225,Croydon 032,24,11.8,50.8,13.4
E02000226,Croydon 033,16.2,10.4,51.3,22.1
E02000227,Croydon 034,19.7,9.4,53.8,17.2
E02000228,Croydon 035,18.3,8.3,49.4,24.1
E02000229,Croydon 036,26.9,10.5,49.3,13.2
E02000230,Croydon 037,18.8,8.7,55.1,17.3
E02000231,Croydon 038,17.1,9.9,51.6,21.3
E02000232,Croydon 039,18.7,9.4,49.3,22.5
E02000233,Croydon 040,22.5,8.4,54.2,14.9
E02000234,Croydon 041,21.1,9.2,53.7,16
E02000235,Croydon 042,19,9.2,53.7,18
E02000236,Croydon 043,21.2,8.8,52.9,17.1
E02000237,Croydon 044,18.4,8.2,49.5,23.9
E02000238,Ealing 001,23.4,9.9,55.3,11.4
E02000239,Ealing 002,19.6,9.2,56.2,15
E02000240,Ealing 003,25.4,10,53.1,11.6
E02000241,Ealing 004,21.7,10,55.6,12.7
E02000242,Ealing 005,21.5,10.7,55.8,12
E02000243,Ealing 006,21.3,9.1,55.8,13.7
E02000244,Ealing 007,21.1,8.4,56.7,13.8
E02000245,Ealing 008,28.4,9.2,52.7,9.7
E02000246,Ealing 009,27,11.5,50.3,11.3
E02000247,Ealing 010,25.9,9,52.1,13
E02000248,Ealing 011,19.5,9.2,58.9,12.3
E02000249,Ealing 012,22.5,10.4,52.2,14.9
E02000250,Ealing 013,21.6,7.8,52.8,17.9
E02000251,Ealing 014,21.4,9.6,55.7,13.4
E02000252,Ealing 015,17.1,18.7,55.8,8.4
E02000253,Ealing 016,24.5,9.8,51.3,14.4
E02000254,Ealing 017,20.8,9.4,55.8,14
E02000255,Ealing 018,21.8,9.4,53.5,15.3
E02000256,Ealing 019,17.7,8.7,61.4,12.3
E02000257,Ealing 020,16.9,9.5,60.6,13
E02000258,Ealing 021,20,12.1,56.7,11.3
E02000259,Ealing 022,22.9,9.1,55.6,12.4
E02000260,Ealing 023,22.5,8.7,54.9,13.9
E02000261,Ealing 024,20.3,12.2,57.5,9.9
E02000262,Ealing 025,20.2,9.1,60.4,10.3
E02000263,Ealing 026,23.2,9,55,12.8
E02000264,Ealing 027,16.1,10.6,59.3,14
E02000265,Ealing 028,21.7,8,59.2,11.1
E02000266,Ealing 029,22.8,11.8,54.3,11.1
E02000267,Ealing 030,23.8,7.7,57.8,10.7
E02000268,Ealing 031,16.9,10.2,58.5,14.3
E02000269,Ealing 032,20.9,8.7,58.5,11.9
E02000270,Ealing 033,24.4,9.8,55.4,10.4
E02000271,Ealing 034,20.8,7.8,58.7,12.7
E02000272,Ealing 035,20.1,8.2,55.3,16.4
E02000274,Ealing 037,25.5,9.6,55.6,9.3
E02000275,Ealing 038,21.6,8.6,54.9,14.9
E02000276,Ealing 039,20.9,7.2,60.6,11.2
E02000277,Enfield 001,23.3,12.6,51.9,12.2
E02000278,Enfield 002,27.4,11.8,49.9,10.9
E02000279,Enfield 003,28,11.9,53,7.1
E02000280,Enfield 004,21.6,8.7,53.1,16.6
E02000281,Enfield 005,25,9.6,53.5,11.9
E02000282,Enfield 006,29.3,11.5,50.5,8.7
E02000283,Enfield 007,24.5,13.1,51.5,11
E02000284,Enfield 008,21.1,8.1,56.1,14.7
E02000285,Enfield 009,18.9,9.8,53.2,18.1
E02000286,Enfield 010,16.3,6.7,56.4,20.6
E02000287,Enfield 011,17.9,9.3,50.7,22.1
E02000288,Enfield 012,25.7,11.7,52.5,10.2
E02000289,Enfield 013,18.9,10,49,22.1
E02000290,Enfield 014,29,11.2,50.9,8.9
E02000291,Enfield 015,20.8,8.6,56.4,14.2
E02000292,Enfield 016,22.8,11,54,12.3
E02000293,Enfield 017,18.9,8.5,51.3,21.2
E02000294,Enfield 018,24.4,12.5,50.7,12.4
E02000295,Enfield 019,21.9,8.6,53.2,16.3
E02000296,Enfield 020,19.3,10.2,55.3,15.2
E02000297,Enfield 021,17.5,9.3,53.7,19.5
E02000298,Enfield 022,19,8.2,55.1,17.7
E02000299,Enfield 023,26.2,11.6,52.2,10
E02000300,Enfield 024,24.5,11.7,53.7,10.1
E02000301,Enfield 025,27.8,11.6,51.1,9.5
E02000302,Enfield 026,21.1,9.4,53.9,15.6
E02000303,Enfield 027,25.8,13.2,51.4,9.7
E02000304,Enfield 028,18.2,8.4,54.5,18.8
E02000305,Enfield 029,16.9,8.7,61.6,12.9
E02000306,Enfield 030,27.2,11.4,52,9.4
E02000307,Enfield 031,22.5,11.6,53.7,12.2
E02000308,Enfield 032,19.2,10,57.8,12.9
E02000309,Enfield 033,27.2,11.7,53.5,7.6
E02000311,Enfield 035,20.3,10.6,56.5,12.6
E02000312,Enfield 036,16.8,9.5,62.1,11.7
E02000313,Greenwich 001,25.9,10.7,56.1,7.3
E02000314,Greenwich 002,26.2,11.3,59,3.5
E02000315,Greenwich 003,27.9,10.6,52.4,9.2
E02000316,Greenwich 004,19.1,9.7,65.9,5.3
E02000317,Greenwich 005,27.6,10.9,53.8,7.7
E02000318,Greenwich 006,22.4,10,57.1,10.5
E02000319,Greenwich 007,23,9.3,60.5,7.1
E02000320,Greenwich 008,24.8,10.8,55,9.4
E02000321,Greenwich 009,24.9,10.9,55.1,9
E02000323,Greenwich 011,25.4,10.3,56.8,7.5
E02000324,Greenwich 012,24.2,10.6,54,11.2
E02000326,Greenwich 014,22.1,9.3,58.9,9.7
E02000327,Greenwich 015,26.5,13.2,54.5,5.8
E02000328,Greenwich 016,18.2,7.8,58.8,15.2
E02000329,Greenwich 017,20.1,9.6,57.5,12.8
E02000331,Greenwich 019,21.2,11.1,56.8,10.9
E02000332,Greenwich 020,20.1,9.5,57.2,13.3
E02000333,Greenwich 021,17.6,7.6,58.4,16.4
E02000334,Greenwich 022,19.6,10.1,56.3,13.9
E02000335,Greenwich 023,19.7,8.4,55.3,16.6
E02000337,Greenwich 025,21.5,10.7,54.9,12.9
E02000339,Greenwich 027,18.8,9.2,53.5,18.5
E02000340,Greenwich 028,16.6,9.6,53.5,20.3
E02000341,Greenwich 029,23.8,9.9,53.9,12.3
E02000342,Greenwich 030,19.2,23.1,45.5,12.1
E02000343,Greenwich 031,21.1,10.8,52.1,16
E02000344,Greenwich 032,18.8,9.9,53.2,18.1
E02000345,Hackney 001,37.7,12.3,42.9,7.1
E02000346,Hackney 002,22.3,10.9,58.1,8.7
E02000347,Hackney 003,33.4,11.1,47.5,8
E02000348,Hackney 004,35.6,10.6,47.2,6.7
E02000350,Hackney 006,21.9,9.1,62.9,6.2
E02000351,Hackney 007,13.3,9.8,70.7,6.1
E02000352,Hackney 008,23.5,7.8,59.1,9.5
E02000353,Hackney 009,16.9,7.9,66.4,8.7
E02000354,Hackney 010,19.4,8.9,63.6,8
E02000355,Hackney 011,17.5,8.2,65.3,9
E02000356,Hackney 012,17.8,7.2,68,7
E02000357,Hackney 013,27.5,11.3,50.7,10.5
E02000358,Hackney 014,15.8,8.2,68.5,7.6
E02000359,Hackney 015,19.2,9.5,62.8,8.5
E02000360,Hackney 016,22.1,9.1,60.9,8
E02000361,Hackney 017,15.9,8.5,68.8,6.7
E02000362,Hackney 018,19.6,9.7,63.4,7.4
E02000363,Hackney 019,25.8,9.6,56.8,7.8
E02000364,Hackney 020,16.2,7.3,66.8,9.7
E02000365,Hackney 021,12.8,7.2,72.3,7.7
E02000366,Hackney 022,20.7,10,60,9.3
E02000367,Hackney 023,17.1,7.7,70.4,4.8
E02000368,Hackney 024,19.1,9.3,63.5,8.1
E02000369,Hackney 025,18,8.8,66.8,6.4
E02000370,Hackney 026,18,10.6,65.5,5.9
E02000371,Hackney 027,11.3,21.1,63.4,4.2
E02000372,Hammersmith and Fulham 001,19.1,13.7,58.1,9.2
E02000373,Hammersmith and Fulham 002,26.1,12.3,53.1,8.6
E02000374,Hammersmith and Fulham 003,20.4,11.6,56.8,11.2
E02000375,Hammersmith and Fulham 004,19.8,8.8,61.4,9.9
E02000376,Hammersmith and Fulham 005,15.4,9.6,66.6,8.3
E02000377,Hammersmith and Fulham 006,18.2,10.7,60.8,10.4
E02000378,Hammersmith and Fulham 007,15.6,8.3,66,10.1
E02000379,Hammersmith and Fulham 008,19.9,8.1,58.5,13.4
E02000380,Hammersmith and Fulham 009,20.5,11.4,56.8,11.2
E02000381,Hammersmith and Fulham 010,20,10.5,59.8,9.8
E02000382,Hammersmith and Fulham 011,18,7.8,64,10.1
E02000383,Hammersmith and Fulham 012,11.4,13.2,62.3,13.2
E02000384,Hammersmith and Fulham 013,16.2,11,60.5,12.3
E02000385,Hammersmith and Fulham 014,9.9,12.7,70,7.3
E02000386,Hammersmith and Fulham 015,17.1,13.7,59.8,9.3
E02000387,Hammersmith and Fulham 016,14.5,14.3,61.4,9.8
E02000388,Hammersmith and Fulham 017,15.3,10.3,62.8,11.6
E02000389,Hammersmith and Fulham 018,17.3,13.1,56.6,12.9
E02000390,Hammersmith and Fulham 019,17.9,12.1,60.7,9.4
E02000391,Hammersmith and Fulham 020,18.8,9.2,60.4,11.7
E02000392,Hammersmith and Fulham 021,19.4,10.5,61.3,8.8
E02000393,Hammersmith and Fulham 022,18.3,9.2,62.4,10.1
E02000394,Hammersmith and Fulham 023,19,10.5,61.1,9.4
E02000395,Hammersmith and Fulham 024,17,9.5,58.3,15.2
E02000396,Hammersmith and Fulham 025,23.1,9,57.1,10.8
E02000397,Haringey 001,19,9.4,62.8,8.9
E02000398,Haringey 002,26.1,12,53.8,8.2
E02000400,Haringey 004,21,10.7,57.4,10.9
E02000401,Haringey 005,23.2,13.8,53.4,9.6
E02000402,Haringey 006,23.3,12.5,55.6,8.6
E02000403,Haringey 007,16.8,9.2,65.6,8.4
E02000404,Haringey 008,20.4,10.9,58.8,9.9
E02000405,Haringey 009,22.9,7.7,57.2,12.1
E02000406,Haringey 010,18.9,10.9,61.4,8.8
E02000407,Haringey 011,21.6,12.1,57.3,8.9
E02000408,Haringey 012,22.3,16.9,52.1,8.7
E02000409,Haringey 013,21.5,12.4,55.1,11.1
E02000410,Haringey 014,20.4,9.2,58.4,12
E02000411,Haringey 015,19.9,18.3,55,6.8
E02000412,Haringey 016,17.5,11.6,62.2,8.7
E02000413,Haringey 017,22.7,9.5,55.1,12.7
E02000414,Haringey 018,19.6,9.8,61.9,8.7
E02000415,Haringey 019,17,10,62.5,10.5
E02000416,Haringey 020,18.7,8.9,62.1,10.3
E02000417,Haringey 021,18.3,7.5,59.3,14.9
E02000418,Haringey 022,20.6,6.5,56.9,16
E02000419,Haringey 023,16.4,9.8,65.6,8.2
E02000420,Haringey 024,19.6,10,61.2,9.2
E02000421,Haringey 025,19.6,12.6,59.2,8.6
E02000422,Haringey 026,19.6,10.9,60.3,9.2
E02000423,Haringey 027,14.6,10.5,67.1,7.8
E02000424,Haringey 028,17.9,9.7,63,9.3
E02000425,Haringey 029,38.1,11.2,43.5,7.2
E02000426,Haringey 030,18,7.5,56.4,18.1
E02000427,Haringey 031,14.5,10,67.7,7.7
E02000428,Haringey 032,19.2,12.2,60.7,7.8
E02000429,Haringey 033,19.2,5.8,61.8,13.2
E02000430,Haringey 034,14.9,6,69.3,9.8
E02000431,Haringey 035,17.1,8.3,62.4,12.2
E02000432,Haringey 036,15,7.6,68.5,8.9
E02000433,Harrow 001,17.4,7.8,47.5,27.4
E02000434,Harrow 002,19.7,8.9,53.9,17.6
E02000435,Harrow 003,19.8,9.8,50.3,20.1
E02000436,Harrow 004,15.7,7.9,49.6,26.8
E02000437,Harrow 005,20.5,9.5,50.7,19.3
E02000438,Harrow 006,19.6,9.6,51.6,19.1
E02000439,Harrow 007,22.4,9.8,55.1,12.7
E02000440,Harrow 008,20.7,10.9,53,15.4
E02000441,Harrow 009,19.6,8.1,52.5,19.8
E02000442,Harrow 010,21.9,10.9,56.3,10.9
E02000443,Harrow 011,24.3,10.5,53.3,11.9
E02000444,Harrow 012,22.7,9.8,53.3,14.2
E02000445,Harrow 013,23.2,9.9,55.2,11.7
E02000447,Harrow 015,20.4,9.6,53.1,16.9
E02000448,Harrow 016,20.3,7.3,51.3,21
E02000449,Harrow 017,19.3,11.1,55.9,13.6
E02000451,Harrow 019,18.5,9.4,52.8,19.3
E02000452,Harrow 020,22.2,6.6,61.3,9.8
E02000453,Harrow 021,21.4,9.3,56.8,12.5
E02000454,Harrow 022,22.7,8.2,50.4,18.6
E02000455,Harrow 023,19.7,9.6,58.6,12.1
E02000456,Harrow 024,20.6,10.5,55.2,13.7
E02000457,Harrow 025,19.5,9.2,53.6,17.7
E02000459,Harrow 027,22.6,10.3,55.4,11.7
E02000460,Harrow 028,24.2,11.3,53.9,10.5
E02000461,Harrow 029,20.9,16,52.1,11.1
E02000462,Harrow 030,20.9,9.7,56.1,13.3
E02000463,Harrow 031,23.5,11.7,53,11.8
E02000464,Havering 001,22.8,11.6,49.6,16
E02000465,Havering 002,25,10.2,53.5,11.3
E02000466,Havering 003,21.8,11.5,49.7,17.1
E02000467,Havering 004,26.7,11.8,51.5,10
E02000468,Havering 005,20.9,10.5,50.4,18.3
E02000469,Havering 006,24,9.9,50.3,15.9
E02000470,Havering 007,16.8,9,53.9,20.2
E02000471,Havering 008,16.8,9.6,48.1,25.4
E02000472,Havering 009,19.8,9.3,51.7,19.3
E02000473,Havering 010,19.7,10.4,52.5,17.4
E02000474,Havering 011,21.4,9.7,52.4,16.6
E02000475,Havering 012,16.8,8.8,53.3,21.1
E02000476,Havering 013,19.7,9.9,57.2,13.2
E02000477,Havering 014,18.1,9.9,52.3,19.7
E02000478,Havering 015,14.3,10.7,48.2,26.9
E02000479,Havering 016,21,9.6,57.3,12.1
E02000480,Havering 017,23.3,10.6,54.2,11.9
E02000481,Havering 018,17.5,9.7,47.7,25.1
E02000482,Havering 019,18.3,8.8,48,24.9
E02000483,Havering 020,16.1,9.7,52.2,22.1
E02000484,Havering 021,16.9,11.4,53.5,18.1
E02000485,Havering 022,18,9.9,54.3,17.8
E02000486,Havering 023,15.8,10,52.7,21.6
E02000487,Havering 024,16.3,9.9,47.7,26.2
E02000488,Havering 025,16.4,10,51.8,21.8
E02000489,Havering 026,20.9,9.8,52.2,17.1
E02000490,Havering 027,20.1,10.2,49.4,20.3
E02000491,Havering 028,22.9,10.7,51.6,14.8
E02000492,Havering 029,17,10.5,49.7,22.9
E02000493,Havering 030,23.8,10.8,52.8,12.6
E02000494,Hillingdon 001,17.3,6.6,52.6,23.5
E02000495,Hillingdon 002,19.6,7.6,54.2,18.6
E02000496,Hillingdon 003,19.5,8.4,53,19.1
E02000497,Hillingdon 004,20,9,53.9,17.1
E02000498,Hillingdon 005,18.7,8.4,51.7,21.2
E02000499,Hillingdon 006,18,9.1,51,21.8
E02000500,Hillingdon 007,17,8.6,52.9,21.5
E02000501,Hillingdon 008,20.1,8.2,53.8,17.9
E02000502,Hillingdon 009,21.6,8,54.4,16
E02000503,Hillingdon 010,20.6,8.9,57.4,13.1
E02000504,Hillingdon 011,19.6,8.7,50.8,20.9
E02000506,Hillingdon 013,17.3,9.6,51.7,21.3
E02000507,Hillingdon 014,23.7,10.3,52.9,13.1
E02000508,Hillingdon 015,15.1,31,45.2,8.7
E02000509,Hillingdon 016,13.9,33.6,44.9,7.6
E02000510,Hillingdon 017,20.1,12.9,51.6,15.4
E02000511,Hillingdon 018,22.4,12.1,52,13.5
E02000512,Hillingdon 019,23.1,13.1,51.9,12
E02000513,Hillingdon 020,28.9,10,52.9,8.2
E02000514,Hillingdon 021,24.4,9.8,55.7,10.1
E02000515,Hillingdon 022,21.4,13.4,55.2,10
E02000516,Hillingdon 023,25,9.5,57,8.5
E02000517,Hillingdon 024,27.1,10.7,52.5,9.7
E02000518,Hillingdon 025,22.3,11.5,53.8,12.3
E02000519,Hillingdon 026,24,11.7,52.9,11.4
E02000520,Hillingdon 027,25.4,10.8,54.2,9.6
E02000521,Hillingdon 028,26.6,10.6,55.1,7.6
E02000522,Hillingdon 029,24.8,9.5,54.1,11.6
E02000523,Hillingdon 030,24.2,10.1,57.1,8.7
E02000524,Hillingdon 031,19.8,8.4,60.9,10.8
E02000525,Hillingdon 032,24.9,8.1,57.4,9.5
E02000526,Hounslow 001,18.5,8.4,59.3,13.8
E02000528,Hounslow 003,20.6,9,59.2,11.2
E02000529,Hounslow 004,23.7,10,54.6,11.7
E02000530,Hounslow 005,27.7,11.4,50.9,10
E02000531,Hounslow 006,17.2,15.1,55.4,12.2
E02000532,Hounslow 007,19.7,9.3,55.6,15.4
E02000533,Hounslow 008,19.7,8.3,57.9,14.2
E02000534,Hounslow 009,19.9,9.9,58.2,12
E02000535,Hounslow 010,19.7,10,56.8,13.5
E02000536,Hounslow 011,20.4,10.5,56.5,12.6
E02000537,Hounslow 012,18.7,7.9,59.8,13.6
E02000538,Hounslow 013,21.9,10.7,56.4,10.9
E02000539,Hounslow 014,22.8,8.8,58.2,10.2
E02000540,Hounslow 015,21.5,8.8,58.2,11.5
E02000541,Hounslow 016,21.2,9.4,58.2,11.2
E02000542,Hounslow 017,23.1,8.1,57.7,11.2
E02000543,Hounslow 018,23.7,7.7,60.4,8.2
E02000544,Hounslow 019,18.9,10.9,55.6,14.7
E02000545,Hounslow 020,23.2,9.9,55,11.9
E02000546,Hounslow 021,22.8,10.5,55.8,10.9
E02000547,Hounslow 022,21.9,9.9,55.1,13
E02000548,Hounslow 023,24.1,10.9,53.1,11.9
E02000549,Hounslow 024,21.6,10.4,54.7,13.2
E02000550,Hounslow 025,26,10.4,55.5,8.1
E02000551,Hounslow 026,24.8,11.2,53.6,10.4
E02000552,Hounslow 027,23.1,14.3,54,8.6
E02000553,Hounslow 028,22.8,9.7,53.5,13.9
E02000554,Islington 001,20.3,11.2,59.1,9.3
E02000555,Islington 002,18.3,13.2,58.1,10.3
E02000556,Islington 003,15.8,13.2,62.7,8.2
E02000557,Islington 004,16.2,11.1,60.9,11.9
E02000558,Islington 005,22.1,13.9,54.8,9.2
E02000559,Islington 006,18,10.1,64.8,7.1
E02000560,Islington 007,13.2,17.2,62,7.5
E02000561,Islington 008,16.5,12.9,59.9,10.7
E02000562,Islington 009,18,10.6,60.7,10.7
E02000563,Islington 010,16.2,17.1,57.4,9.3
E02000564,Islington 011,14.3,12.9,66.8,6
E02000565,Islington 012,19.4,12.3,60.8,7.5
E02000566,Islington 013,15.5,9,66.2,9.3
E02000567,Islington 014,16.2,9,66.3,8.5
E02000568,Islington 015,14,24.8,53.2,7.9
E02000569,Islington 016,16.6,10.2,62.5,10.7
E02000570,Islington 017,14.2,10.5,65.7,9.6
E02000571,Islington 018,15.9,11.7,62.4,10
E02000572,Islington 019,18.5,20.1,51.5,9.8
E02000573,Islington 020,12.6,11.9,65.7,9.8
E02000574,Islington 021,12.2,19,60.6,8.2
E02000575,Islington 022,10.4,27.8,55.8,6
E02000576,Islington 023,17,19.3,55.5,8.1
E02000577,Kensington and Chelsea 001,19.1,9.7,57.9,13.3
E02000578,Kensington and Chelsea 002,20.8,10,54.2,15
E02000579,Kensington and Chelsea 003,19.6,7.9,58.9,13.7
E02000580,Kensington and Chelsea 004,15.4,7.6,63.8,13.1
E02000581,Kensington and Chelsea 005,19.9,9.6,52.7,17.8
E02000582,Kensington and Chelsea 006,15,7.8,61.5,15.7
E02000583,Kensington and Chelsea 007,17.6,7,60.3,15.1
E02000584,Kensington and Chelsea 008,19.7,6.3,57.3,16.7
E02000585,Kensington and Chelsea 009,17.5,7.6,59.1,15.8
E02000586,Kensington and Chelsea 010,16.4,13.5,57.7,12.5
E02000587,Kensington and Chelsea 011,18.1,8.6,56.8,16.5
E02000588,Kensington and Chelsea 012,13.6,8.8,60.8,16.7
E02000589,Kensington and Chelsea 013,14,15,60.3,10.6
E02000590,Kensington and Chelsea 014,13,9.3,58.6,19
E02000591,Kensington and Chelsea 015,13.1,10.9,62.5,13.5
E02000592,Kensington and Chelsea 016,16.3,8.7,60.9,14.1
E02000593,Kensington and Chelsea 017,15.3,11.4,60.5,12.7
E02000594,Kensington and Chelsea 018,14.4,5.6,56.9,23.1
E02000595,Kensington and Chelsea 019,15.8,8.6,57.2,18.5
E02000596,Kensington and Chelsea 020,17,9.7,59.7,13.6
E02000597,Kensington and Chelsea 021,17.3,8.3,58.5,15.8
E02000598,Kingston upon Thames 001,24.6,7.4,52.8,15.2
E02000599,Kingston upon Thames 002,18.2,17.6,46.7,17.5
E02000600,Kingston upon Thames 003,21.6,13.6,53,11.8
E02000601,Kingston upon Thames 004,24.4,10,56.6,9
E02000602,Kingston upon Thames 005,18.6,19.5,52.6,9.2
E02000603,Kingston upon Thames 006,23.1,11.5,54.1,11.3
E02000604,Kingston upon Thames 007,22.2,7.6,57.3,12.8
E02000605,Kingston upon Thames 008,21,7.5,55.1,16.4
E02000606,Kingston upon Thames 009,15.9,9.8,63,11.3
E02000607,Kingston upon Thames 010,16,28.3,45.6,10
E02000608,Kingston upon Thames 011,13,19.7,59.3,8
E02000609,Kingston upon Thames 012,19.5,8,53.9,18.6
E02000610,Kingston upon Thames 013,15.2,10.5,60.6,13.7
E02000611,Kingston upon Thames 014,21.1,7.5,51.2,20.2
E02000612,Kingston upon Thames 015,18.4,7.2,53.6,20.7
E02000613,Kingston upon Thames 016,21.7,7.1,57,14.3
E02000614,Kingston upon Thames 017,21.5,9.6,56.8,12
E02000615,Kingston upon Thames 018,20.7,7.7,54.8,16.8
E02000616,Kingston upon Thames 019,20.4,6.7,57,15.9
E02000617,Kingston upon Thames 020,22.1,8.9,54.8,14.2
E02000619,Lambeth 002,17.1,10.4,61.5,11
E02000620,Lambeth 003,15.8,10.6,65.7,7.9
E02000621,Lambeth 004,12,10.3,70.1,7.6
E02000622,Lambeth 005,14.5,12.2,66.3,7
E02000623,Lambeth 006,17.8,10.1,62.3,9.8
E02000624,Lambeth 007,16.4,10.2,66.2,7.2
E02000625,Lambeth 008,19.7,11.5,62.6,6.2
E02000626,Lambeth 009,22.7,10.9,59.9,6.5
E02000627,Lambeth 010,15.1,14.3,63.2,7.3
E02000628,Lambeth 011,18.5,11.1,62.1,8.3
E02000629,Lambeth 012,12.9,10.8,69.6,6.8
E02000630,Lambeth 013,13.5,9.2,69.8,7.4
E02000631,Lambeth 014,18.2,8.9,64.3,8.5
E02000632,Lambeth 015,9.7,13.1,71.4,5.8
E02000633,Lambeth 016,17.1,9.5,66.1,7.3
E02000634,Lambeth 017,15.5,11.2,64.4,8.9
E02000635,Lambeth 018,15.8,9.6,67.8,6.7
E02000636,Lambeth 019,17.1,8.2,66.7,8
E02000637,Lambeth 020,14.1,7.8,71,7.1
E02000638,Lambeth 021,16.1,10.7,66.4,6.9
E02000639,Lambeth 022,19.5,10,63.9,6.6
E02000640,Lambeth 023,18.8,8.3,64.8,8.1
E02000641,Lambeth 024,23.3,11,58,7.8
E02000642,Lambeth 025,21.5,7.5,60.7,10.3
E02000643,Lambeth 026,18,8,66.3,7.6
E02000644,Lambeth 027,21,7.4,63.5,8.1
E02000645,Lambeth 028,22.2,7.8,62.4,7.7
E02000646,Lambeth 029,16.1,7.3,67.6,9
E02000647,Lambeth 030,21,7.7,59.5,11.8
E02000648,Lambeth 031,27.2,9,54.4,9.4
E02000649,Lambeth 032,18.4,8.2,66.7,6.7
E02000650,Lambeth 033,22.6,7.6,61.8,8
E02000651,Lambeth 034,18.8,7.6,63.1,10.4
E02000652,Lambeth 035,20.7,9.7,58.2,11.4
E02000653,Lewisham 001,18.8,13.9,62.3,5.1
E02000654,Lewisham 002,24,11.9,57.5,6.6
E02000655,Lewisham 003,19.7,14,60.3,6
E02000657,Lewisham 005,16.4,16.3,60.9,6.4
E02000658,Lewisham 006,17.1,12.4,62,8.5
E02000659,Lewisham 007,19.5,9.3,62,9.2
E02000660,Lewisham 008,16.1,11.3,65.9,6.7
E02000661,Lewisham 009,16.6,6.6,63.6,13.1
E02000662,Lewisham 010,20.9,10.8,61.9,6.4
E02000663,Lewisham 011,16,11.3,63.4,9.2
E02000664,Lewisham 012,18.4,10.7,64,7
E02000665,Lewisham 013,19.7,8.7,61.8,9.8
E02000666,Lewisham 014,18.9,12.1,58.6,10.5
E02000667,Lewisham 015,21.8,7,61.6,9.5
E02000668,Lewisham 016,20.6,8,59.2,12.2
E02000669,Lewisham 017,18.5,9.2,64.3,8
E02000670,Lewisham 018,22.2,9.9,59.3,8.6
E02000671,Lewisham 019,20,7.7,63.1,9.1
E02000672,Lewisham 020,22.7,9.4,59.7,8.1
E02000673,Lewisham 021,21.8,6.7,62,9.5
E02000674,Lewisham 022,21.5,10.6,56.9,11
E02000675,Lewisham 023,20.4,8.7,58.2,12.7
E02000676,Lewisham 024,20.5,7.3,62.7,9.4
E02000677,Lewisham 025,20.3,11.2,56.3,12.2
E02000678,Lewisham 026,24.9,10.6,54.5,9.9
E02000679,Lewisham 027,21.5,9.1,59.1,10.3
E02000680,Lewisham 028,22.4,9.2,59.2,9.2
E02000681,Lewisham 029,23.5,9.2,55.3,12
E02000682,Lewisham 030,24.4,11.7,52.4,11.5
E02000683,Lewisham 031,22.6,9.9,55.4,12
E02000685,Lewisham 033,22,8,58.7,11.3
E02000686,Lewisham 034,26.5,10.1,54.6,8.7
E02000687,Lewisham 035,20,9.1,59.3,11.6
E02000689,Merton 001,24.4,8.1,58.3,9.3
E02000690,Merton 002,18.5,7.6,49.4,24.5
E02000691,Merton 003,19.4,8.3,62.1,10.2
E02000692,Merton 004,17.1,5.8,59.9,17.3
E02000693,Merton 005,15.1,8.6,67.7,8.6
E02000694,Merton 006,19.8,7.3,63.8,9.1
E02000695,Merton 007,18.6,9.6,59.4,12.4
E02000696,Merton 008,18.8,9.5,63.5,8.3
E02000697,Merton 009,18.4,8.3,65.3,8
E02000698,Merton 010,22.7,6.1,54.7,16.5
E02000699,Merton 011,22.4,6.8,59.2,11.5
E02000700,Merton 012,21.4,9.3,60.5,8.8
E02000701,Merton 013,22.3,10.2,56.7,10.7
E02000702,Merton 014,24.3,10.3,55.6,9.8
E02000703,Merton 015,20.4,8.6,53.3,17.7
E02000704,Merton 016,18.2,7.7,61.5,12.6
E02000705,Merton 017,20.5,10.7,56,12.8
E02000706,Merton 018,26.1,10.1,54.9,8.8
E02000707,Merton 019,24.1,12.2,52.7,11
E02000708,Merton 020,21.6,8.5,55.5,14.4
E02000709,Merton 021,19.7,8.4,53.7,18.1
E02000710,Merton 022,21.5,9.2,53.8,15.4
E02000711,Merton 023,21.8,9.2,58.6,10.3
E02000712,Merton 024,21.5,10.5,54.2,13.9
E02000713,Merton 025,19.7,9.7,52.9,17.7
E02000714,Newham 001,21.1,11.9,59.9,7.1
E02000715,Newham 002,27.6,11.6,52.4,8.4
E02000716,Newham 003,23.2,10.2,58,8.6
E02000717,Newham 004,26.4,11.5,55,7.1
E02000718,Newham 005,30.8,11.3,50.9,7
E02000719,Newham 006,18.7,12.3,60.5,8.5
E02000720,Newham 007,22.4,10.6,57.6,9.4
E02000721,Newham 008,24.7,13.3,55.1,6.9
E02000722,Newham 009,18,12.8,62,7.2
E02000723,Newham 010,22.3,11.1,57.5,9.1
E02000724,Newham 011,25,11.6,55.2,8.2
E02000725,Newham 012,15.2,15.1,63.2,6.5
E02000726,Newham 013,14,20.9,62.6,2.6
E02000727,Newham 014,24.5,10.1,58.6,6.8
E02000728,Newham 015,24.6,10.3,56.7,8.4
E02000729,Newham 016,21.1,11.7,57.9,9.3
E02000730,Newham 017,22.2,10.1,57.8,10
E02000731,Newham 018,23.1,11.2,57.9,7.7
E02000732,Newham 019,26.1,11.6,54.6,7.8
E02000733,Newham 020,19.7,13,58.8,8.5
E02000734,Newham 021,22,11.9,57.8,8.4
E02000735,Newham 022,21.7,11.5,56.4,10.4
E02000736,Newham 023,27.5,12,53.5,7
E02000737,Newham 024,25.7,12,53.8,8.5
E02000738,Newham 025,26,10.7,55.8,7.5
E02000739,Newham 026,22.2,13,57.2,7.6
E02000740,Newham 027,21.1,12.8,59,7.1
E02000741,Newham 028,24.3,11.8,56.4,7.5
E02000742,Newham 029,27.3,12.1,52.9,7.7
E02000743,Newham 030,21.8,12.7,57.5,8
E02000744,Newham 031,23.7,11.3,57.2,7.7
E02000745,Newham 032,23.6,12.2,57.8,6.4
E02000746,Newham 033,20.7,15,58.6,5.7
E02000747,Newham 034,17.7,12.3,63.3,6.7
E02000748,Newham 035,24,12.3,57.1,6.6
E02000749,Newham 036,24.1,12.9,55.1,7.9
E02000750,Newham 037,20.4,12.4,63.2,4
E02000751,Redbridge 001,17.1,8.9,51.8,22.3
E02000752,Redbridge 002,22.2,10,54.8,13
E02000753,Redbridge 003,21.4,10.5,54.3,13.8
E02000754,Redbridge 004,19.7,10.4,55.9,14
E02000755,Redbridge 005,18.9,10.6,55.5,15
E02000756,Redbridge 006,20.2,10.9,55.1,13.8
E02000757,Redbridge 007,18.3,8.4,60,13.3
E02000758,Redbridge 008,20.3,11.7,51.5,16.5
E02000759,Redbridge 009,22.3,9.5,57.3,11
E02000760,Redbridge 010,21.9,10.6,52.4,15.1
E02000762,Redbridge 012,18.4,10.8,53.7,17
E02000763,Redbridge 013,21.8,11.3,54.2,12.7
E02000764,Redbridge 014,16.2,7.8,58.6,17.5
E02000765,Redbridge 015,21.6,10.8,53.8,13.8
E02000767,Redbridge 017,22.7,10.6,53.5,13.3
E02000768,Redbridge 018,19.6,8.9,54.6,16.9
E02000769,Redbridge 019,26,11.2,53.2,9.6
E02000770,Redbridge 020,23.6,12.5,51.9,12
E02000772,Redbridge 022,26.6,10.9,53.8,8.6
E02000773,Redbridge 023,25.3,12,54.2,8.5
E02000774,Redbridge 024,23.4,11.7,54,10.9
E02000776,Redbridge 026,26.8,9.9,54.1,9.2
E02000777,Redbridge 027,19.8,8.5,55.7,16
E02000779,Redbridge 029,26.5,9.6,55.6,8.3
E02000780,Redbridge 030,27.8,10.6,53.8,7.8
E02000781,Redbridge 031,24.3,11.9,51.9,11.9
E02000782,Redbridge 032,27.4,9.9,55.3,7.4
E02000783,Redbridge 033,29.5,11.9,51,7.6
E02000784,Richmond upon Thames 001,20.1,8.5,54,17.4
E02000785,Richmond upon Thames 002,19,6.4,57,17.7
E02000786,Richmond upon Thames 003,22.5,5.8,57.5,14.3
E02000787,Richmond upon Thames 004,21.7,6.9,58.3,13.1
E02000788,Richmond upon Thames 005,23.7,5.8,56.1,14.4
E02000789,Richmond upon Thames 006,18.4,6.6,58.4,16.6
E02000790,Richmond upon Thames 007,24,5.7,59.5,10.8
E02000791,Richmond upon Thames 008,17.2,7.7,60.1,15.1
E02000792,Richmond upon Thames 009,20.2,5.9,57.2,16.7
E02000793,Richmond upon Thames 010,19.8,9.7,53.8,16.7
E02000794,Richmond upon Thames 011,21.6,7.7,57.2,13.5
E02000795,Richmond upon Thames 012,24.5,7.6,48.8,19.1
E02000796,Richmond upon Thames 013,22.1,9.4,52.5,16
E02000797,Richmond upon Thames 014,20.1,7.6,60.8,11.5
E02000798,Richmond upon Thames 015,23.5,8.3,55.3,12.9
E02000799,Richmond upon Thames 016,18.9,15.4,51.2,14.5
E02000800,Richmond upon Thames 017,22.9,8,53.2,15.9
E02000801,Richmond upon Thames 018,22.2,8,56.6,13.3
E02000802,Richmond upon Thames 019,19.9,7.9,55.1,17.1
E02000803,Richmond upon Thames 020,20.5,7.7,53.9,17.9
E02000804,Richmond upon Thames 021,18.8,8,56.7,16.5
E02000805,Richmond upon Thames 022,20.2,11.6,53.3,14.9
E02000806,Richmond upon Thames 023,19.8,7.1,54.2,18.8
E02000807,Southwark 001,12.8,8.6,72.1,6.5
E02000808,Southwark 002,9.4,23.9,60,6.7
E02000809,Southwark 003,10.9,9.7,75.2,4.2
E02000810,Southwark 004,18.8,9.5,65,6.6
E02000812,Southwark 006,15.6,16.7,59.6,8
E02000813,Southwark 007,18.7,11.4,62.3,7.6
E02000814,Southwark 008,14.2,10.3,69.1,6.5
E02000815,Southwark 009,13.5,28.8,52.6,5
E02000816,Southwark 010,19.4,11.3,61.3,8
E02000817,Southwark 011,20.4,10.1,58.4,11
E02000818,Southwark 012,16.5,15.3,58.6,9.6
E02000819,Southwark 013,19.2,15.4,57.8,7.6
E02000820,Southwark 014,16.2,13.2,63,7.7
E02000821,Southwark 015,25.7,11.9,54,8.4
E02000822,Southwark 016,22.5,9.8,60.4,7.3
E02000823,Southwark 017,18.2,10.9,62,8.9
E02000824,Southwark 018,25,11,55.3,8.7
E02000825,Southwark 019,24.5,10,58.8,6.7
E02000826,Southwark 020,20.1,10.7,60.4,8.8
E02000827,Southwark 021,21.2,9.3,61.8,7.7
E02000828,Southwark 022,21,11.2,60,7.8
E02000829,Southwark 023,18,9.3,64.2,8.5
E02000830,Southwark 024,15.7,10.4,64.9,9
E02000831,Southwark 025,18.3,6.3,67.1,8.4
E02000832,Southwark 026,20.4,8.9,60.3,10.4
E02000833,Southwark 027,20.4,15,57.6,6.9
E02000834,Southwark 028,18,5.9,67,9.1
E02000835,Southwark 029,23.3,6.9,61.5,8.3
E02000836,Southwark 030,21.3,6.4,63.4,9
E02000837,Southwark 031,24.5,7.4,55.2,12.8
E02000838,Southwark 032,21.7,6.1,61.9,10.3
E02000839,Southwark 033,22.8,7.9,57.2,12.1
E02000840,Sutton 001,25.6,10.3,53.8,10.3
E02000841,Sutton 002,24,10.5,55.1,10.3
E02000842,Sutton 003,18.8,10.3,54.2,16.7
E02000843,Sutton 004,21.5,8,59.6,11
E02000844,Sutton 005,23,10.5,54.4,12.2
E02000845,Sutton 006,23.5,8.7,56.7,11.2
E02000846,Sutton 007,20.4,9.2,52.8,17.6
E02000847,Sutton 008,18.2,9,51.9,21
E02000848,Sutton 009,21.2,10.4,53.6,14.8
E02000849,Sutton 010,20.2,8.6,56.4,14.8
E02000850,Sutton 011,21.3,9.3,55.3,14.2
E02000851,Sutton 012,20.6,7.6,58.9,12.9
E02000852,Sutton 013,20.7,8.7,57.4,13.2
E02000853,Sutton 014,23,8.2,55.5,13.4
E02000854,Sutton 015,20.5,8,56,15.5
E02000855,Sutton 016,19,9.6,52.2,19.3
E02000856,Sutton 017,20.3,8.1,56.4,15.3
E02000857,Sutton 018,19.7,6,59.3,15
E02000858,Sutton 019,25.2,11.3,52.2,11.3
E02000859,Sutton 020,20.5,7.9,51.2,20.4
E02000860,Sutton 021,19.6,7.4,59.3,13.8
E02000861,Sutton 022,19,9.3,51.2,20.6
E02000863,Sutton 024,19.8,9.8,51.5,18.9
E02000864,Tower Hamlets 001,22,10.4,59,8.6
E02000865,Tower Hamlets 002,21.7,12.7,57.8,7.8
E02000866,Tower Hamlets 003,18.7,10,62.4,8.8
E02000867,Tower Hamlets 004,17,10.8,67.2,5
E02000868,Tower Hamlets 005,17.9,12.5,63.1,6.4
E02000869,Tower Hamlets 006,18.3,10.1,61.7,9.8
E02000870,Tower Hamlets 007,20.9,12.1,58.8,8.2
E02000871,Tower Hamlets 008,25,12.3,56.8,5.9
E02000872,Tower Hamlets 009,17.6,12.6,64.6,5.2
E02000873,Tower Hamlets 010,20.2,28.1,46.5,5.2
E02000874,Tower Hamlets 011,22.7,15.8,56.2,5.3
E02000875,Tower Hamlets 012,24.3,13.4,57.7,4.7
E02000876,Tower Hamlets 013,16.9,15.8,62.7,4.6
E02000877,Tower Hamlets 014,23.7,14.1,56.4,5.9
E02000878,Tower Hamlets 015,13.7,17.6,62.5,6.2
E02000879,Tower Hamlets 016,20.3,16.3,53.2,10.2
E02000880,Tower Hamlets 017,20.1,15.3,58.5,6.1
E02000881,Tower Hamlets 018,27.4,12,54.4,6.1
E02000882,Tower Hamlets 019,25,12.1,56.4,6.5
E02000883,Tower Hamlets 020,27.4,12,52.8,7.9
E02000884,Tower Hamlets 021,14.6,19.3,61.8,4.3
E02000885,Tower Hamlets 022,22.8,12.8,54.7,9.6
E02000886,Tower Hamlets 023,20.1,10.3,63.3,6.3
E02000887,Tower Hamlets 024,26.3,12.4,55.3,5.9
E02000888,Tower Hamlets 025,21.2,10.1,63.9,4.8
E02000889,Tower Hamlets 026,20.1,8.6,64.7,6.6
E02000890,Tower Hamlets 027,12.6,6.9,71.1,9.3
E02000891,Tower Hamlets 028,18.3,11.8,66.4,3.5
E02000893,Tower Hamlets 030,21.5,10.2,59.9,8.3
E02000894,Tower Hamlets 031,17.8,10.3,66.7,5.2
E02000895,Waltham Forest 001,19.2,10,48,22.8
E02000896,Waltham Forest 002,17.6,8.4,54.2,19.8
E02000897,Waltham Forest 003,21.7,9.5,51.2,17.6
E02000898,Waltham Forest 004,20.3,9.4,52.6,17.7
E02000899,Waltham Forest 005,19,9.9,54.1,17
E02000900,Waltham Forest 006,23.2,10.8,52.8,13.2
E02000901,Waltham Forest 007,21.3,9.7,55.2,13.8
E02000902,Waltham Forest 008,25.2,9.7,53.9,11.1
E02000903,Waltham Forest 009,25.7,11.5,54,8.8
E02000904,Waltham Forest 010,24,9.1,58,8.9
E02000905,Waltham Forest 011,24.1,9.3,58.8,7.8
E02000906,Waltham Forest 012,24.7,8.6,58.7,8.1
E02000907,Waltham Forest 013,26.4,11.1,54,8.4
E02000908,Waltham Forest 014,22.6,8.1,62,7.2
E02000909,Waltham Forest 015,22.8,8.1,59.1,10
E02000910,Waltham Forest 016,20.1,9.3,62.1,8.6
E02000911,Waltham Forest 017,21.9,9.1,60.9,8.1
E02000912,Waltham Forest 018,24.4,10,54.9,10.7
E02000913,Waltham Forest 019,20.7,11.2,57.3,10.8
E02000914,Waltham Forest 020,23.7,10.9,57.3,8.1
E02000915,Waltham Forest 021,18,11.2,62.1,8.7
E02000916,Waltham Forest 022,24.7,9.7,58.2,7.4
E02000917,Waltham Forest 023,23.6,9,60.7,6.7
E02000918,Waltham Forest 024,20.4,9.7,62.2,7.7
E02000919,Waltham Forest 025,18.3,10.3,62.8,8.6
E02000920,Waltham Forest 026,20.7,11.5,60.1,7.7
E02000921,Waltham Forest 027,22.1,10.6,59.1,8.2
E02000922,Waltham Forest 028,20.5,13.7,58.3,7.5
E02000923,Wandsworth 001,14.3,7.3,63.4,15
E02000924,Wandsworth 002,16.9,10.4,65.2,7.5
E02000925,Wandsworth 003,20,10,60.7,9.3
E02000926,Wandsworth 004,14.1,8.9,67.2,9.8
E02000927,Wandsworth 005,13.5,9.8,66,10.7
E02000928,Wandsworth 006,19,6.7,61.8,12.5
E02000929,Wandsworth 007,20.8,10.8,58.3,10.1
E02000930,Wandsworth 008,12.5,10.3,71.3,5.9
E02000931,Wandsworth 009,19.4,7.1,67.6,5.9
E02000932,Wandsworth 010,15,7.4,69.6,8
E02000933,Wandsworth 011,16.9,8.6,60.7,13.8
E02000934,Wandsworth 012,10.8,7.7,74.5,6.9
E02000935,Wandsworth 013,22.6,22.7,45,9.8
E02000936,Wandsworth 014,12.9,7.2,67.2,12.6
E02000937,Wandsworth 015,22.8,6.4,63.4,7.4
E02000938,Wandsworth 016,20.8,10.8,55.4,12.9
E02000939,Wandsworth 017,24.4,7.2,57.2,11.3
E02000940,Wandsworth 018,17.9,7.7,66.8,7.6
E02000941,Wandsworth 019,20.8,6.6,64.1,8.5
E02000942,Wandsworth 020,20.8,7.5,60,11.7
E02000943,Wandsworth 021,16.1,7.4,68.9,7.6
E02000944,Wandsworth 022,20.7,9.6,60.7,9
E02000945,Wandsworth 023,19,20.4,50.9,9.7
E02000946,Wandsworth 024,15.5,8.3,68.4,7.8
E02000947,Wandsworth 025,21.6,5.2,64.1,9.1
